1 192 35 35 48 1 1 1 1 0 0 1 0
1 48 35 35 64 5 5 1 5 2 2 1 0
1 192 35 35 128 1 1 1 1 0 0 1 1
1 192 35 35 112 1 1 1 1 0 0 1 1
1 192 35 35 64 1 1 1 1 0 0 1 0
1 192 35 35 176 1 1 1 1 0 0 1 1
1 64 35 35 96 3 3 1 3 1 1 1 6
1 96 35 35 96 3 3 1 3 1 1 1 6
1 192 35 35 32 1 1 1 1 0 0 1 0
1 3 299 299 32 3 3 2 3 0 0 1 0
1 32 149 149 32 3 3 1 3 0 0 1 6
1 32 147 147 64 3 3 1 3 1 1 1 1
1 64 73 73 80 1 1 1 1 0 0 1 0
1 80 73 73 192 3 3 1 3 0 0 1 6
1 256 35 35 48 1 1 1 1 0 0 1 0
1 256 35 35 128 1 1 1 1 0 0 1 1
1 256 35 35 112 1 1 1 1 0 0 1 1
1 256 35 35 64 1 1 1 1 0 0 1 0
1 256 35 35 176 1 1 1 1 0 0 1 0
1 288 35 35 48 1 1 1 1 0 0 1 0
1 288 35 35 128 1 1 1 1 0 0 1 1
1 288 35 35 112 1 1 1 1 0 0 1 0
1 288 35 35 64 1 1 1 1 0 0 1 0
1 288 35 35 176 1 1 1 1 0 0 1 0
1 288 35 35 384 3 3 2 3 0 0 1 0
1 96 35 35 96 3 3 2 3 0 0 1 1
1 768 17 17 128 1 1 1 1 0 0 1 0
1 128 17 17 128 1 7 1 7 0 3 1 5
1 128 17 17 192 7 1 1 1 3 0 1 5
1 768 17 17 320 1 1 1 1 0 0 1 0
1 768 17 17 192 1 1 1 1 0 0 1 0
1 768 17 17 448 1 1 1 1 0 0 1 0
1 768 17 17 256 1 1 1 1 0 0 1 1
1 128 17 17 128 7 1 1 1 3 0 1 1
1 128 17 17 192 1 7 1 7 0 3 1 5
1 768 17 17 160 1 1 1 1 0 0 1 0
1 160 17 17 160 1 7 1 7 0 3 1 5
1 160 17 17 192 7 1 1 1 3 0 1 5
1 768 17 17 352 1 1 1 1 0 0 1 1
1 768 17 17 512 1 1 1 1 0 0 1 0
1 160 17 17 160 7 1 1 1 3 0 1 5
1 160 17 17 192 1 7 1 7 0 3 1 5
1 192 17 17 192 1 7 1 7 0 3 1 5
1 192 17 17 192 7 1 1 1 3 0 1 5
1 768 17 17 384 1 1 1 1 0 0 1 0
1 768 17 17 576 1 1 1 1 0 0 1 1
1 192 17 17 320 3 3 2 3 0 0 1 1
1 192 17 17 192 3 3 2 3 0 0 1 0
1 1280 8 8 384 1 1 1 1 0 0 1 1
1 384 8 8 768 3 3 1 3 1 1 1 6
1 384 8 8 384 1 3 1 3 0 1 1 1
1 384 8 8 384 3 1 1 1 1 0 1 0
1 1280 8 8 768 1 1 1 1 0 0 1 0
1 1280 8 8 704 1 1 1 1 0 0 1 0
1 1280 8 8 320 1 1 1 1 0 0 1 1
1 1280 8 8 448 1 1 1 1 0 0 1 0
1 1280 8 8 1152 1 1 1 1 0 0 1 0
1 1280 8 8 832 1 1 1 1 0 0 1 0
1 448 8 8 384 3 3 1 3 1 1 1 6
1 1280 8 8 192 1 1 1 1 0 0 1 0
1 2048 8 8 384 1 1 1 1 0 0 1 0
1 2048 8 8 768 1 1 1 1 0 0 1 0
1 2048 8 8 704 1 1 1 1 0 0 1 1
1 2048 8 8 320 1 1 1 1 0 0 1 0
1 2048 8 8 448 1 1 1 1 0 0 1 0
1 2048 8 8 1152 1 1 1 1 0 0 1 0
1 2048 8 8 832 1 1 1 1 0 0 1 1
1 2048 8 8 192 1 1 1 1 0 0 1 0
